tree
version=v4
num_class=1
num_tree_per_iteration=1
label_index=0
max_feature_idx=8
objective=regression
feature_names=return_1d return_5d return_21d ma_5 ma_21 ma_63 volatility_21d rsi_14 close
feature_infos=[-0.15691960689544071:0.11523026944391357] [-0.2556187766714082:0.14714313013567759] [-0.30526058830709146:0.30404182585964201] [25.32:83.590000000000003] [26.163809523809523:81.980000000000004] [26.632222222222222:78.560158730158733] [0.081531903614984941:0.83659968279088615] [2.1739130434781515:99.803536345775996] [25.09:86.549999999999997]
tree_sizes=2876 2964 2963 2991 2972 2988 2986 2982 2983

Tree=0
num_leaves=31
num_cat=0
split_feature=5 6 8 3 6 5 6 5 3 5 5 8 3 2 3 6 5 3 5 5 7 3 3 2 8 5 2 3 5 2
split_gain=248.698 119.565 104.644 70.241 67.6688 60.1797 42.2844 42.2102 67.664 29.4222 35.1848 22.6687 35.1404 22.4168 21.7135 20.6464 30.087 23.61 18.815 19.5762 18.0253 15.7231 21.0352 14.2487 14.0201 12.8971 10.2545 18.0358 9.25488 10.5261
threshold=77.446904761904776 0.40580062828274893 58.010000000000012 66.432000000000016 0.22670513698125153 30.825000000000006 0.17276331013794127 59.330238095238109 33.023000000000003 57.804285714285719 54.328412698412698 65.115000000000023 59.026000000000003 0.097562775660196679 28.645 0.2538586782444216 43.5304761904762 37.57200000000001 32.904682539682547 53.784444444444453 51.482158669217164 42.105000000000011 34.077000000000005 -0.064650227286136605 34.335000000000008 68.380396825396843 0.070930965272591476 29.979000000000003 56.936587301587302 0.0048781254092796775
decision_type=2 2 2 2 2 2 2 2 2 2 2 2 2 2 2 2 2 2 2 2 2 2 2 2 2 2 2 2 2 2
left_child=1 3 -3 4 5 6 14 8 -6 10 15 12 -9 25 -1 16 17 -10 23 -20 -4 22 -17 -7 -25 -5 27 -8 29 -21
right_child=-2 2 20 13 7 18 26 11 9 -11 -12 -13 -14 -15 -16 21 -18 -19 19 28 -22 -23 -24 24 -26 -27 -28 -29 -30 -31
leaf_value=0.0095391535421987337 -0.001175530273842075 0.017814908195030482 0.012180262938299234 0.0092107552677074874 0.0082978330499128283 0.0046633642248225639 0.010106892355647332 0.010891269635318175 0.0089959930450452859 0.013474101965783494 0.0074461521224687428 0.010753807219523645 0.0064907036588689373 0.0046262181840400641 0.0076483198856410342 0.013041569565890686 0.0073697855506184322 0.013632988528477696 0.0084675529617792462 0.0069841655167699884 0.008892314447905952 0.013762948702004191 0.0075597507905547376 0.0075019431407600786 0.004111460202276979 0.006194391802294693 0.0082818643802915256 0.012575373164488483 0.0080380449183024925 0.0040148865927667069
leaf_weight=26100 6300 6300 7200 6300 25400 6100 29300 6000 4700 13200 6700 7200 18600 12600 36300 4200 6200 6600 81600 8500 9900 11000 3000 40100 3300 8100 4800 9900 8800 4600
leaf_count=87 21 21 24 21 207 38 129 20 39 44 57 24 62 42 136 24 50 27 781 85 33 62 25 260 20 27 24 46 76 46
internal_value=0.00868551 0.00883252 0.0123062 0.0086289 0.00880753 0.00836295 0.00927619 0.0098299 0.0104359 0.0114127 0.0107709 0.00828623 0.00756401 0.0061664 0.0084392 0.0113949 0.0101687 0.0117043 0.00772786 0.00811131 0.0102767 0.012574 0.0107575 0.00692611 0.00724414 0.00751405 0.0104632 0.0107303 0.00678396 0.00594152
internal_weight=428900 422600 23400 399200 372200 259400 106400 112800 81000 55600 42400 31800 24600 27000 62400 35700 17500 11300 153000 103500 17100 18200 7200 49500 43400 14400 44000 39200 21900 13100
internal_count=2558 2537 78 2459 2369 1728 422 641 535 328 284 106 82 90 223 227 116 66 1306 988 57 111 49 318 280 48 199 175 207 131
is_linear=0
shrinkage=1


Tree=1
num_leaves=31
num_cat=0
split_feature=3 6 2 8 6 3 3 6 5 5 3 5 5 6 5 5 2 2 3 5 5 3 8 6 6 8 3 2 2 5
split_gain=225.457 97.3956 92.0056 85.1571 42.5482 32.3975 27.4536 26.3677 67.6607 37.0722 68.1292 29.7997 48.0749 53.4555 21.4713 20.63 17.1614 15.4339 16.2069 14.625 12.537 22.1217 28.0268 12.4771 12.3701 10.3617 10.2677 10.1364 9.55976 9.16571
threshold=75.28100000000002 0.43619522712218817 0.044371691705167755 58.010000000000012 0.17325703694305014 65.983000000000018 28.645 0.22917207667387149 30.498888888888889 59.330238095238109 37.233000000000011 42.583650793650797 57.804285714285719 0.29584953850368495 60.112380952380967 32.904682539682547 0.082479654644603065 -0.057935172652253945 33.535000000000011 37.873730158730162 66.875952380952398 63.609000000000016 59.425000000000004 0.27446402943701664 0.29845340683772797 42.970000000000006 37.57200000000001 -0.031243777500553457 -0.010097514543475515 53.784444444444453
decision_type=2 2 2 2 2 2 2 2 2 2 2 2 2 2 2 2 2 2 2 2 2 2 2 2 2 2 2 2 2 2
left_child=1 4 -2 -3 6 7 -1 8 28 10 23 25 13 -13 -11 17 -7 -10 -19 26 21 22 -16 -9 -25 -12 -17 -8 -6 -29
right_child=2 3 -4 -5 5 16 27 9 15 14 11 12 -14 -15 20 19 -18 18 -20 -21 -22 -23 -24 24 -26 -27 -28 29 -30 -31
leaf_value=0.00082243819318897316 -0.010899107726414999 0.0087169029076894135 -0.002730112069366891 0.0013235519211571498 0.0032795662938484129 5.919651399578965e-05 -0.00015832683044603803 -0.00046050058776653181 -0.0041176022214108503 -0.0026363133357630835 0.0037199038344880812 -0.00083383059102884482 0.0047629261612892153 0.0047000340053013397 0.0023500748991966249 0.0002528444653498414 -0.0026498182080686092 -0.00031052570206750382 -0.0032471911042709564 -0.00063642275185984141 -0.0014431976798752492 0.0033582793494443528 -0.0023224461199580762 0.0029172929507035477 -0.00076964207504476821 0.006935677446018567 0.0030863532983526894 -0.0010987426393156948 0.0013867374266164356 -0.0030388797191818334
leaf_weight=26100 6000 6000 8100 11100 8400 11400 28400 25200 5800 7200 4600 14200 12900 6300 6000 9200 12000 15200 6800 39800 6600 6900 6900 6500 3500 5500 4900 78400 32400 6600
leaf_count=87 20 20 27 37 43 38 225 214 37 24 25 108 43 41 20 91 40 133 45 374 22 23 23 42 22 21 21 488 138 66
internal_value=1.14766e-05 0.000222832 -0.00620628 0.00391771 6.39628e-05 0.000444101 -0.000639634 0.000620911 0.000113595 0.00117431 0.0017679 0.00309125 0.0023716 0.00086682 -0.000216038 -0.000716809 -0.00133004 -0.00182313 -0.00121822 -0.000146203 0.000444038 0.00107312 -0.000149181 0.000132501 0.00162687 0.00547107 0.00123754 -0.000976142 0.00177644 -0.00124939
internal_weight=428900 414800 14100 17100 397700 258200 139500 234800 122500 112300 78700 43500 33400 20500 33600 81700 23400 27800 22000 53900 26400 19800 12900 35200 10000 10100 14100 113400 40800 85000
internal_count=2558 2511 47 57 2454 1588 866 1510 882 628 516 238 192 149 112 701 78 215 178 486 88 66 43 278 64 46 112 779 181 554
is_linear=0
shrinkage=0.05


Tree=2
num_leaves=31
num_cat=0
split_feature=5 6 8 3 6 5 6 5 4 5 5 6 8 3 6 4 5 4 7 8 5 8 3 5 4 5 5 5 7 8
split_gain=208.245 99.4576 84.3076 57.3836 57.4493 49.3186 34.6539 33.6813 59.1147 37.0447 52.3444 40.9572 28.2432 30.8827 23.4521 18.7639 18.6949 30.3465 16.3477 16.1877 44.3299 10.7099 11.0576 17.0263 10.6267 10.4282 10.2438 9.816 8.90354 10.8573
threshold=77.446904761904776 0.40580062828274893 58.010000000000012 65.983000000000018 0.22670513698125153 30.825000000000006 0.17276331013794127 59.165158730158737 36.673333333333339 42.002777777777787 57.804285714285719 0.29584953850368495 65.115000000000023 58.856000000000009 0.28649783310279214 28.566666666666666 64.119761904761916 74.776904761904774 51.482158669217164 36.835000000000008 40.001031746031757 34.335000000000008 30.713000000000005 32.06174603174604 62.797619047619058 53.784444444444453 51.669206349206355 43.996031746031754 50.947004973888809 29.795000000000005
decision_type=2 2 2 2 2 2 2 2 2 2 2 2 2 2 2 2 2 2 2 2 2 2 2 2 2 2 2 2 2 2
left_child=1 3 -3 4 5 6 15 8 -6 -10 11 27 13 -9 -5 -1 -16 -18 -4 21 -21 22 23 -7 -15 26 -22 -11 29 -8
right_child=-2 2 18 14 7 19 28 12 9 10 -12 -13 -14 24 16 -17 17 -19 -20 20 25 -23 -24 -25 -26 -27 -28 -29 -30 -31
leaf_value=0.0010059357101186402 -0.0090125647177771908 0.0082581238670954623 0.0033047639578580854 -0.0042079443969608599 0.00018167837270773314 -0.0010668368065463647 0.0016392787491331007 0.0020829555531342824 0.005879584871942089 0.001720584783496128 0.0048215039138992631 0.0043519407976091952 0.0027688727180163065 -0.002819723955609582 -0.0034953866461912794 -0.0008289703000921774 0.0020591576761669582 -0.00275554794271787 0.0001735472254680865 0.0026021581438088089 -0.00077650733366208056 -0.002722038927435875 -0.00083942925748379756 -0.0055945051005392363 -0.00028192280307412146 -0.0017307953990732224 0.0010868428531305297 -0.0012424997694790363 0.0011015384433148525 0.0044512734802869651
leaf_weight=21000 6300 6300 7200 9600 37600 5600 10100 6000 8400 3600 12000 5700 6000 13200 6000 41400 7200 6000 9900 10900 37200 12500 52400 3300 6000 21900 9200 12500 28700 5200
leaf_count=70 21 21 24 32 295 29 49 20 34 22 40 39 20 44 20 153 24 20 33 80 366 112 399 21 20 207 92 101 127 23
internal_value=1.09028e-05 0.000145422 0.00331362 -4.02887e-05 0.00012687 -0.000280466 0.000546267 0.00107879 0.00162339 0.00290795 0.00216944 0.000709584 -0.000314132 -0.00104818 -0.00219014 -0.000211454 -0.00118123 -0.000129345 0.00149195 -0.000855397 -0.00035894 -0.00138818 -0.00111619 -0.00274564 -0.00202666 -0.000831501 -0.00040705 -0.000579947 0.00162085 0.00259499
internal_weight=428900 422600 23400 399200 370400 259400 106400 111000 79800 42200 33800 21800 31200 25200 28800 62400 19200 13200 17100 153000 79200 73800 61300 8900 19200 68300 46400 16100 44000 15300
internal_count=2558 2537 78 2459 2363 1728 422 635 531 236 202 162 104 84 96 223 64 44 57 1306 745 561 449 50 64 665 458 123 199 72
is_linear=0
shrinkage=0.05


Tree=3
num_leaves=31
num_cat=0
split_feature=4 6 8 5 6 6 5 8 4 4 5 4 5 6 6 4 5 5 5 5 2 2 5 2 6 2 4 6 6 8
split_gain=194.707 82.7358 70.6301 40.5097 82.4922 47.0127 43.8032 35.0741 34.5604 44.681 39.4977 33.7797 43.9558 31.2751 29.3472 16.9344 15.2345 13.7417 11.4124 22.1858 10.7771 11.6279 9.4704 10.3689 9.45325 8.6442 15.2268 8.02584 19.8283 7.97272
threshold=80.615000000000023 0.43619522712218817 59.165000000000006 65.965396825396837 0.28649783310279214 0.22670513698125153 30.825000000000006 70.720000000000013 60.482142857142868 36.673333333333339 42.002777777777787 62.797619047619058 62.645317460317465 0.17276331013794127 0.31223106317522659 28.566666666666666 32.904682539682547 53.605634920634927 57.804285714285719 59.165158730158737 -0.064650227286136605 0.084936819186516646 56.936587301587302 0.0048781254092796775 0.25573618887992372 0.070930965272591476 29.624285714285719 0.27446402943701664 0.30576187432025775 37.07500000000001
decision_type=2 2 2 2 2 2 2 2 2 2 2 2 2 2 2 2 2 2 2 2 2 2 2 2 2 2 2 2 2 2
left_child=1 3 -3 5 -5 6 13 -6 9 27 -11 -10 -13 15 18 -1 20 29 24 -20 -8 -22 23 -19 -12 26 -15 -7 -29 -18
right_child=-2 2 -4 4 7 8 16 -9 11 10 14 12 -14 25 -16 -17 17 22 19 -21 21 -23 -24 -25 -26 -27 -28 28 -30 -31
leaf_value=0.0009556389189192227 -0.0091691274308321781 0.0069281549218260215 0.00049240288618538123 -0.006345696696440379 -0.0019973601019557786 -0.00027610816736279171 -0.0034911476774293869 0.0025068561410903933 -0.0024660281690340197 0.0055856056616065053 -0.00084281786797777271 -0.0017045922405792007 0.002771348519296181 0.0012044867993015605 0.0041211011751184183 -0.00078752179242274614 -0.00089892052096878818 -0.0013515996609045112 0.0039216315639019018 -0.00015750702222188317 -0.00097177993164350028 -0.0036832658886573467 -0.00027209680242934724 -0.0041990308220289192 0.0015834965222679518 -0.00046294842815647525 0.0034577429102789058 0.0028681418725422453 -0.0018332391494151317 0.00018096867687833896
leaf_weight=21000 5700 8100 9000 7500 10200 27300 6100 7500 12600 8400 9800 9900 12300 29100 10300 41400 24600 9200 7500 6000 39000 4400 9100 4900 6800 4800 10100 7000 3300 56000
leaf_count=70 19 27 30 25 34 228 38 25 42 34 76 33 41 124 49 153 246 92 25 20 254 26 77 49 54 24 51 46 21 525
internal_value=1.03576e-05 0.000133994 0.00354092 -9.46387e-06 -0.00195097 0.000118984 -0.000260494 -8.87939e-05 0.000932108 0.00146796 0.00246602 -0.000398271 0.000775321 0.000518953 0.00181739 -0.000200881 -0.000801481 -0.000457276 0.00102908 0.00210868 -0.00152327 -0.00124668 -0.00152957 -0.00234113 0.000151094 0.00153981 0.00178505 0.000172594 0.00136187 -0.000148625
internal_weight=428900 423200 17100 406100 25200 380900 259700 17700 121200 86400 48800 34800 22200 106400 40400 62400 153300 103800 30100 13500 49500 43400 23200 14100 16600 44000 39200 37600 10300 80600
internal_count=2558 2539 57 2482 84 2398 1729 59 669 553 258 116 74 422 224 223 1307 989 175 45 318 280 218 141 130 199 175 295 67 771
is_linear=0
shrinkage=0.05


Tree=4
num_leaves=31
num_cat=0
split_feature=4 6 8 3 6 5 6 5 6 5 3 4 5 8 5 5 5 6 5 4 3 5 5 3 3 4 2 2 2 3
split_gain=175.723 74.669 64.1258 39.5244 48.6836 40.2024 39.6961 36.4163 28.2258 26.9158 50.3465 28.1018 41.4912 31.9787 22.9681 27.598 18.9935 15.8128 21.5633 23.067 15.7245 13.3203 13.9027 10.9408 18.5986 9.91352 9.72634 10.5349 7.80139 14.3262
threshold=80.615000000000023 0.43619522712218817 58.750000000000007 66.432000000000016 0.22670513698125153 30.825000000000006 0.28649783310279214 63.340317460317465 0.17276331013794127 59.165158730158737 33.023000000000003 64.226190476190496 64.983492063492079 58.855000000000011 57.804285714285719 54.328412698412698 68.666825396825416 0.2538586782444216 43.996031746031754 33.919285714285728 28.529000000000007 32.904682539682547 53.784444444444453 42.105000000000011 34.077000000000005 49.477380952380962 -0.064650227286136605 0.097562775660196679 0.070930965272591476 29.979000000000003
decision_type=2 2 2 2 2 2 2 2 2 2 2 2 2 2 2 2 2 2 2 2 2 2 2 2 2 2 2 2 2 2
left_child=1 3 -3 4 5 8 -5 -8 20 10 -6 13 -13 -11 15 17 -9 18 19 -12 -1 26 -23 24 -19 -20 -7 -28 29 -10
right_child=-2 2 -4 6 9 21 7 16 28 11 14 12 -14 -15 -16 -17 -18 23 25 -21 -22 22 -24 -25 -26 -27 27 -29 -30 -31
leaf_value=0.00091170949471388631 -0.0087106709062007431 0.0070866199507229576 0.00084554098415024143 -0.0043531825978007877 -0.00035857879690913939 -0.0033165902544431331 -0.0037066675187243771 0.0029798577285948258 0.0011401752784797358 0.0015278732942210303 -0.0012568307095958341 0.004255182673533758 -0.0012332655183519379 -0.0025005892958396524 0.0042358025881817666 -0.0011628661020463436 -0.00077940648178466496 0.003953328331311544 -0.0034906416822362827 0.0037586994227021935 -0.00076222984160357807 -0.0001496534354724538 -0.0015684597849139953 0.0042868878335274507 -0.0012012323300043743 0.0007195030183627688 -0.00096086988579992803 -0.0038998837387471488 -0.00043980098112175866 0.0033401965860164529
leaf_weight=21300 5700 6900 10200 9900 25400 6100 6000 6300 29300 7200 3100 7200 6600 15600 12300 6700 7200 4200 2700 8800 41100 81600 21900 11600 3000 2900 40100 3300 4800 9900
leaf_count=71 19 23 34 33 207 38 20 21 129 24 30 24 22 52 41 57 24 24 23 38 152 781 207 64 25 25 261 19 24 46
internal_value=9.83973e-06 0.000127295 0.00336387 -8.99067e-06 0.000128813 -0.000253419 -0.00177466 -0.000465571 0.000493006 0.000974091 0.00148416 -0.000150567 0.00163027 -0.00122844 0.00233055 0.00178556 0.000974917 0.00232976 0.00124813 0.00245213 -0.000190837 -0.000772501 -0.000449865 0.00333661 0.00180559 -0.00131039 -0.00144711 -0.00118434 0.00146282 0.00169579
internal_weight=428900 423200 17100 406100 376700 259400 29400 19500 106400 117300 80700 36600 13800 22800 55300 43000 13500 36300 17500 11900 62400 153000 103500 18800 7200 5600 49500 43400 44000 39200
internal_count=2558 2539 57 2482 2384 1728 98 65 422 656 534 122 46 76 327 286 45 229 116 68 223 1306 988 113 49 48 318 280 199 175
is_linear=0
shrinkage=0.05


Tree=5
num_leaves=31
num_cat=0
split_feature=5 3 5 5 4 5 4 5 2 3 2 5 5 5 3 8 3 4 5 4 7 8 5 2 5 5 3 5 7 2
split_gain=143.133 23.4338 42.135 39.4221 28.1116 49.5606 104.541 48.5152 29.5217 16.0724 28.2868 23.4786 65.2031 25.4449 15.3052 14.7979 13.8306 29.4835 26.7452 12.8676 12.8337 12.6051 12.5925 13.2181 8.01846 11.3237 7.44076 21.0541 28.2617 12.0453
threshold=76.406904761904784 37.233000000000011 40.374841269841276 29.299047619047624 43.570238095238103 49.915555555555564 53.035714285714292 42.236904761904768 -0.016084966824507659 65.983000000000018 0.14393487681184106 57.804285714285719 59.330238095238109 53.605634920634927 72.506000000000014 34.255000000000003 58.675000000000004 64.226190476190496 58.361825396825402 62.536190476190477 69.485659315955147 58.750000000000007 27.769365079365084 0.02824643510997649 32.569126984126989 33.975555555555566 30.290000000000003 30.825000000000006 61.174606134054208 -0.079229464290584625
decision_type=2 2 2 2 2 2 2 2 2 2 2 2 2 2 2 2 2 2 2 2 2 2 2 2 2 2 2 2 2 2
left_child=1 3 20 22 -4 6 7 -6 16 11 14 13 -13 21 -11 26 18 -18 -7 -14 -3 -10 -1 -24 -17 -26 -5 28 -28 -29
right_child=-2 2 4 15 5 8 -8 -9 9 10 -12 12 19 -15 -16 24 17 -19 -20 -21 -22 -23 23 -25 25 -27 27 29 -30 -31
leaf_value=0.0021969726659427178 -0.0068954445266723634 0.0038749185658503919 -0.0019400709952452106 -0.0012389002458566625 0.0072767410461719228 0.00055091392938737521 0.0090980176925659195 -3.511150975402947e-05 -7.7312261009854932e-05 -0.0019197376630824021 -0.0042075376113255821 0.004742816162935223 -0.0017457284813835506 -0.0022731990079871965 0.00088216484213868784 -0.004101178487263075 -0.0018287527302142095 0.0017940626820055847 0.0036430706489193549 0.0010716840958956517 0.0011667423481876787 0.0040222999481927778 0.00089475968028611863 -0.00051748640853355632 0.00017790869568233138 -0.0028421015363850007 0.0038290451797155234 -0.0028739940900418719 -0.00052883190657386839 -0.00052099964065322032
leaf_weight=10700 7500 10700 13700 33100 2600 18900 4800 17800 17500 9900 7200 8300 10500 17200 9600 4100 10800 11700 11100 6600 7400 2100 43400 26800 5400 7300 6500 5900 8700 69600
leaf_count=58 25 73 137 149 10 189 16 142 173 33 24 31 35 160 32 26 36 39 37 22 46 7 159 117 48 73 30 44 44 533
internal_value=-4.89923e-05 7.32949e-05 0.000467965 -0.000280215 0.000237098 0.000416133 0.00245893 0.000896791 5.20697e-05 -0.000503124 -0.00152925 -6.26498e-05 0.00110663 -0.000869705 -0.00054034 -0.000786197 0.000992197 5.51113e-05 0.00169501 -0.000658306 0.00276771 0.000361932 0.000599154 0.000355612 -0.00217866 -0.001558 -0.000597236 -0.000363067 0.00133473 -0.000704876
internal_weight=427400 419900 198400 221500 180300 166600 25200 20400 141400 88900 26700 62200 25400 36800 19500 140600 52500 22500 30000 17100 18100 19600 80900 70200 16800 12700 123800 90700 15200 75500
internal_count=2548 2523 1242 1281 1123 986 168 152 818 517 89 428 88 340 65 947 301 75 226 57 119 180 334 276 147 121 800 651 74 577
is_linear=0
shrinkage=0.05


Tree=6
num_leaves=31
num_cat=0
split_feature=4 6 8 5 6 4 4 6 5 5 2 2 6 5 4 4 5 6 5 5 8 2 8 1 5 5 5 8 7 5
split_gain=131.275 88.3223 61.2639 26.0585 22.0928 55.4801 34.9871 32.7985 34.9387 24.566 18.3942 35.4321 17.2545 13.5891 24.0303 16.8738 12.4648 25.5636 15.1678 13.8645 10.5372 10.1916 12.7643 12.1462 10.0714 10.0376 22.6183 8.70432 8.41163 7.52629
threshold=80.615000000000023 0.41841973993492387 58.215000000000011 28.373412698412704 0.2257089795140631 60.482142857142868 33.253809523809529 0.28478069346216767 63.113412698412709 63.113412698412709 -0.079229464290584625 0.055383432623559943 0.32201250996380765 43.001507936507942 37.172142857142866 50.275952380952383 30.825000000000006 0.17276331013794127 32.680079365079372 53.784444444444453 62.175000000000004 -0.056423521287077498 34.335000000000008 -0.022450969471433154 32.680079365079372 58.888650793650804 57.804285714285719 28.110000000000003 54.647057040674063 56.936587301587302
decision_type=2 2 2 2 2 2 2 2 2 2 2 2 2 2 2 2 2 2 2 2 2 2 2 2 2 2 2 2 2 2
left_child=1 3 -3 -1 16 6 24 9 -9 -7 -10 -12 13 14 -8 -15 17 27 21 -20 -4 23 -23 -18 28 26 -17 -5 -6 -21
right_child=-2 2 20 4 5 7 12 8 10 -11 11 -13 -14 15 -16 25 18 -19 19 29 -22 22 -24 -25 -26 -27 -28 -29 -30 -31
leaf_value=0.0012552935479928746 -0.0077929966758798668 0.007604754149913788 0.0028985029617945354 0.00070637529368838695 0.00089243924360328573 -0.00077480102226965962 0.00092282722181486864 -0.0025993432573698187 -0.001515781863430596 -0.0047887713533860668 0.0033748221351650727 -0.00065089685235704701 0.0038281717313660515 -0.001650489227958666 0.0046017697201325347 0.00049917989193784952 -0.0013257704663767736 0.0015560497701017544 -0.00014280838461841 -0.0022985165515788516 -6.4765345677733434e-05 -0.00090575786596546837 -0.0041088455293108441 -0.0051848010263944935 -0.0022418884929206414 -0.00032503487997584879 0.0042856667041778571 -0.0008142509345437657 -0.0013426169576123358 -0.00050779290833022621
leaf_weight=32600 5400 6000 6000 11700 12300 7200 10300 10800 6900 8100 11400 10500 9000 5800 7800 9800 4400 19800 84800 13300 6000 36500 3400 3800 5900 6300 6600 48100 6400 10500
leaf_count=149 18 20 20 39 97 24 69 36 23 27 38 35 42 44 34 82 27 86 795 133 20 228 19 21 59 21 22 175 56 89
internal_value=-4.65427e-05 5.25825e-05 0.0034795 -0.000100102 -0.000219073 0.000290937 0.00112926 -0.000933713 -0.000174072 -0.00289984 0.000735405 0.00144468 0.00182391 0.00143682 0.00250823 0.000756379 -0.000510661 -1.14439e-06 -0.000769484 -0.000442102 0.00141687 -0.00150865 -0.0011787 -0.0031141 -0.000440768 0.00137135 0.00202301 -0.000516737 0.0001275 -0.00150849
internal_weight=427400 422000 18000 404000 371400 135100 80200 54900 39600 15300 28800 21900 55600 46600 18100 28500 236300 79600 156700 108600 12000 48100 39900 8200 24600 22700 16400 59800 18700 23800
internal_count=2548 2530 60 2470 2321 709 526 183 132 51 96 73 314 272 103 169 1612 300 1312 1017 40 295 247 48 212 125 104 214 153 222
is_linear=0
shrinkage=0.05


Tree=7
num_leaves=31
num_cat=0
split_feature=5 6 3 5 6 4 3 6 5 6 5 6 7 3 5 6 5 5 5 5 2 3 3 3 2 6 6 3 3 5
split_gain=120.563 85.3623 50.9777 22.8342 23.0512 43.2735 34.0027 24.4874 33.1166 19.3116 18.5281 23.5247 17.3953 11.7689 11.2495 23.0712 13.7043 13.3182 10.4568 24.5089 10.3646 9.76372 9.13603 8.3716 7.12987 7.05646 13.0085 6.89044 11.6012 6.8058
threshold=76.406904761904784 0.41841973993492387 58.856000000000009 28.373412698412704 0.2257089795140631 60.482142857142868 37.233000000000011 0.28478069346216767 63.113412698412709 0.25271177682972112 42.002777777777787 0.32030674275647858 57.681494210778403 70.864000000000019 30.825000000000006 0.17276331013794127 32.904682539682547 53.784444444444453 57.804285714285719 58.888650793650804 -0.079229464290584625 34.366000000000007 28.429000000000002 30.541000000000004 -0.0036798001257817288 0.27446402943701664 0.31223106317522659 31.494000000000003 30.290000000000003 51.669206349206355
decision_type=2 2 2 2 2 2 2 2 2 2 2 2 2 2 2 2 2 2 2 2 2 2 2 2 2 2 2 2 2 2
left_child=1 3 -3 24 14 6 25 9 -9 -7 -8 18 13 -10 15 22 20 29 -12 -20 -16 23 -5 -22 -1 -6 -27 28 -17 -18
right_child=-2 2 -4 4 5 7 10 8 12 -11 11 -13 -14 -15 16 27 17 -19 19 -21 21 -23 -24 -25 -26 26 -28 -29 -30 -31
leaf_value=0.0024680568450471253 -0.0063277315957347554 0.0066374408340454105 0.0010559505719277594 0.00053600882847922265 -0.00064852675115567625 -0.00031559751729170484 0.004027223923005337 -0.00246937609296637 0.00068424199970941696 -0.0040028515910280164 -4.4584458321332938e-05 0.0036107973962401351 -0.0010453905231422847 0.0032183134655157722 -0.0036243667180867905 0.00083872657616368754 -0.00025418927345127718 -0.0014330668334708307 0.0041563905477523802 -0.00030878314754319573 -0.0026687711250214349 -0.0038348441235721113 -0.00086283315076643354 -0.00070476162373600418 0.00076386784597254191 0.0022527323395013809 -0.001601903902761864 -0.00017062128587228172 0.0036624975089103945 0.0011784393134046387
leaf_weight=8200 7500 7500 9000 15900 22900 6000 8600 10800 12600 8700 17000 9600 9000 7200 4700 8800 70200 23800 6000 6300 6300 3200 43900 39100 24400 6500 3300 4800 6200 9400
leaf_count=40 25 25 30 53 205 20 39 36 42 29 134 44 30 24 28 36 665 222 20 21 29 18 161 256 109 43 20 23 27 94
internal_value=-4.42156e-05 6.80168e-05 0.00359299 -7.61629e-05 -0.000187704 0.000334834 0.00107279 -0.000755117 -0.000108194 -0.00249785 0.00192701 0.00146269 0.00077725 0.00160572 -0.000485128 -1.08717e-06 -0.00073101 -0.000395297 0.000758876 0.00186935 -0.00138228 -0.00116545 -0.0004909 -0.0009773 0.00119253 -0.000168036 0.000954743 0.00147825 0.00200589 -8.50095e-05
internal_weight=427400 419900 16500 403400 370800 134500 80200 54300 39600 14700 47500 38900 28800 19800 236300 79600 156700 103400 29300 12300 53300 48600 59800 45400 32600 32700 9800 19800 15000 79600
internal_count=2548 2523 55 2468 2319 707 526 181 132 49 258 219 96 66 1612 300 1312 981 175 41 331 303 214 285 149 268 63 86 63 759
is_linear=0
shrinkage=0.05


Tree=8
num_leaves=31
num_cat=0
split_feature=4 6 8 5 6 4 4 6 5 5 4 5 2 6 5 4 4 5 4 2 5 5 5 2 2 5 8 5 5 7
split_gain=111.87 73.1029 51.2154 21.1923 18.1341 44.8554 28.7104 27.0839 29.0055 21.9719 19.8366 17.7349 20.9946 14.0377 11.4147 20.8951 14.6331 10.1526 21.2044 18.8662 12.3681 12.0197 11.4866 9.35408 9.33947 8.91206 8.8613 8.29022 18.1251 7.88175
threshold=80.615000000000023 0.41841973993492387 58.215000000000011 28.373412698412704 0.2257089795140631 60.482142857142868 33.253809523809529 0.28478069346216767 60.69896825396826 63.113412698412709 64.226190476190496 68.380396825396843 0.061873747089361004 0.32201250996380765 43.001507936507942 41.938095238095251 50.275952380952383 30.825000000000006 30.693809523809524 0.047741107954694446 32.904682539682547 53.784444444444453 29.361269841269841 -0.079229464290584625 0.097562775660196679 32.680079365079372 62.175000000000004 58.888650793650804 57.804285714285719 63.304439317740894
decision_type=2 2 2 2 2 2 2 2 2 2 2 2 2 2 2 2 2 2 2 2 2 2 2 2 2 2 2 2 2 2
left_child=1 3 -3 -1 17 6 25 9 -9 -7 -10 12 -12 14 15 -8 -16 18 22 -20 23 -22 29 -19 -25 -6 -4 28 -18 -5
right_child=-2 2 26 4 5 7 13 8 10 -11 11 -13 -14 -15 16 -17 27 20 19 -21 21 -23 -24 24 -26 -27 -28 -29 -30 -31
leaf_value=0.0011329024490768925 -0.0071930273197315367 0.0069390108227729806 0.0026400225554903348 0.0004743746139663559 0.00013147702020279228 -0.00061273611502514957 0.00099423645268315866 -0.0032566007486884555 -0.0020114216127178888 -0.0044088620374232159 0.0036498495164096999 -0.00044304375004088672 -0.00014375544190406799 0.0034562233351171016 -0.001565735551817664 0.004523714967184898 0.00047645012114425094 -0.0034431484291686659 0.0035836485053451967 -0.00031744714894077995 -8.0759034378000139e-05 -0.0013614134890332569 -0.0013205205611001823 -0.00089960361995437767 -0.00342164273802191 -0.0020973676897395972 -7.7406187355518344e-05 -0.00029334396525980937 0.003866043690479163 -0.0010248599807589742
leaf_weight=32600 5400 6000 6000 34100 18700 7200 11500 6300 6600 8100 9300 11400 6000 9000 5800 6600 9800 4700 7100 5500 79600 23800 21100 44600 4000 5900 6000 6300 6600 11800
leaf_count=149 18 20 20 119 153 24 77 21 22 27 31 38 20 42 44 26 82 28 34 26 759 222 81 280 23 59 20 21 22 40
internal_value=-4.20048e-05 4.95012e-05 0.00316721 -8.94066e-05 -0.000196696 0.000265367 0.00101915 -0.000835794 -0.000145495 -0.00262245 0.000443093 0.00104983 0.00216216 0.00164842 0.00129927 0.00228123 0.000675641 -0.000460872 -1.03282e-06 0.00188079 -0.000694459 -0.000375532 -0.000354928 -0.00131316 -0.00110718 -0.000403083 0.00128131 0.00124833 0.00184055 8.89505e-05
internal_weight=427400 422000 18000 404000 371400 135100 80200 54900 39600 15300 33300 26700 15300 55600 46600 18100 28500 236300 79600 12600 156700 103400 67000 53300 48600 24600 12000 22700 16400 45900
internal_count=2548 2530 60 2470 2321 709 526 183 132 51 111 89 51 314 272 103 169 1612 300 60 1312 981 240 331 303 212 40 125 104 159
is_linear=0
shrinkage=0.05


end of trees

feature_importances:
ma_63=95
volatility_21d=45
ma_5=37
ma_21=31
return_21d=29
close=24
rsi_14=8
return_5d=1

parameters:
[boosting: gbdt]
[objective: regression]
[metric: l1]
[tree_learner: serial]
[device_type: cpu]
[data_sample_strategy: bagging]
[data: ]
[valid: ]
[num_iterations: 1000]
[learning_rate: 0.05]
[num_leaves: 31]
[num_threads: 0]
[seed: 42]
[deterministic: 0]
[force_col_wise: 0]
[force_row_wise: 0]
[histogram_pool_size: -1]
[max_depth: -1]
[min_data_in_leaf: 20]
[min_sum_hessian_in_leaf: 0.001]
[bagging_fraction: 0.8]
[pos_bagging_fraction: 1]
[neg_bagging_fraction: 1]
[bagging_freq: 5]
[bagging_seed: 400]
[bagging_by_query: 0]
[feature_fraction: 0.9]
[feature_fraction_bynode: 1]
[feature_fraction_seed: 30056]
[extra_trees: 0]
[extra_seed: 12879]
[early_stopping_round: 0]
[early_stopping_min_delta: 0]
[first_metric_only: 0]
[max_delta_step: 0]
[lambda_l1: 0]
[lambda_l2: 0]
[linear_lambda: 0]
[min_gain_to_split: 0]
[drop_rate: 0.1]
[max_drop: 50]
[skip_drop: 0.5]
[xgboost_dart_mode: 0]
[uniform_drop: 0]
[drop_seed: 17869]
[top_rate: 0.2]
[other_rate: 0.1]
[min_data_per_group: 100]
[max_cat_threshold: 32]
[cat_l2: 10]
[cat_smooth: 10]
[max_cat_to_onehot: 4]
[top_k: 20]
[monotone_constraints: ]
[monotone_constraints_method: basic]
[monotone_penalty: 0]
[feature_contri: ]
[forcedsplits_filename: ]
[refit_decay_rate: 0.9]
[cegb_tradeoff: 1]
[cegb_penalty_split: 0]
[cegb_penalty_feature_lazy: ]
[cegb_penalty_feature_coupled: ]
[path_smooth: 0]
[interaction_constraints: ]
[verbosity: -1]
[saved_feature_importance_type: 0]
[use_quantized_grad: 0]
[num_grad_quant_bins: 4]
[quant_train_renew_leaf: 0]
[stochastic_rounding: 1]
[linear_tree: 0]
[max_bin: 255]
[max_bin_by_feature: ]
[min_data_in_bin: 3]
[bin_construct_sample_cnt: 200000]
[data_random_seed: 175]
[is_enable_sparse: 1]
[enable_bundle: 1]
[use_missing: 1]
[zero_as_missing: 0]
[feature_pre_filter: 1]
[pre_partition: 0]
[two_round: 0]
[header: 0]
[label_column: ]
[weight_column: ]
[group_column: ]
[ignore_column: ]
[categorical_feature: ]
[forcedbins_filename: ]
[precise_float_parser: 0]
[parser_config_file: ]
[objective_seed: 16083]
[num_class: 1]
[is_unbalance: 0]
[scale_pos_weight: 1]
[sigmoid: 1]
[boost_from_average: 1]
[reg_sqrt: 0]
[alpha: 0.9]
[fair_c: 1]
[poisson_max_delta_step: 0.7]
[tweedie_variance_power: 1.5]
[lambdarank_truncation_level: 30]
[lambdarank_norm: 1]
[label_gain: ]
[lambdarank_position_bias_regularization: 0]
[eval_at: ]
[multi_error_top_k: 1]
[auc_mu_weights: ]
[num_machines: 1]
[local_listen_port: 12400]
[time_out: 120]
[machine_list_filename: ]
[machines: ]
[gpu_platform_id: -1]
[gpu_device_id: -1]
[gpu_use_dp: 0]
[num_gpu: 1]

end of parameters

pandas_categorical:[]
